0 7
5 7
10 7
16 7
21 7
26 7
32 7
37 7
43 7
48 7
53 7
59 7
64 7
69 7
75 7
80 7
86 7
91 7
96 7
102 7
107 7
113 7
118 7
123 7
129 7
134 7
139 7
145 7
150 7
156 7
161 7
166 7
172 7
177 7
183 7
188 7
193 7
199 7
204 7
209 7
215 7
220 7
226 7
231 7
236 7
242 7
247 7
253 7
258 7
263 7
269 7
274 7
279 7
285 7
290 7
296 7
301 7
306 7
312 7
317 7
322 7
328 7
333 7
339 7
344 7
349 7
355 7
360 7
366 7
371 7
376 7
382 7
387 7
392 7
398 7
403 7
409 7
414 7
419 7
425 7
430 7
436 7
441 7
446 7
452 7
457 7
462 7
468 7
473 7
479 7
484 7
489 7
495 7
500 7
506 7
511 7
516 7
522 7
527 7
532 7
538 7
543 7
549 7
554 7
559 7
565 7
570 7
576 7
581 7
586 7
592 7
597 7
602 7
608 7
613 7
619 7
624 7
629 7
635 7
640 7
645 7
651 7
656 7
662 7
667 7
672 7
678 7
683 7
689 7
694 7
699 7
705 7
710 7
715 7
721 7
726 7
732 7
737 7
742 7
748 7
753 7
759 7
764 7
769 7
775 7
780 7
785 7
791 7
796 7
802 7
807 7
812 7
818 7
823 7
829 7
834 7
839 7
845 7
850 7
855 7
861 7
866 7
872 7
877 7
882 7
888 7
893 7
899 7
904 7
909 7
915 7
920 7
925 7
931 7
936 7
942 7
947 7
952 7
958 7
963 7
968 7
974 7
979 7
985 7
990 7
995 7
1001 7
1006 7
1012 7
1017 7
1022 7
1028 7
1033 7
1038 7
1044 7
1049 7
1055 7
1060 7
1065 7
1071 7
1076 7
1082 7
1087 7
1092 7
1098 7
1103 7
1108 7
1114 7
1119 7
1125 7
1130 7
1135 7
1141 7
1146 7
1152 7
1157 7
1162 7
1168 7
1173 7
1178 7
1184 7
1189 7
1195 7
1200 7
1205 7
1211 7
1216 7
1222 7
1227 7
1232 7
1238 7
1243 7
1248 7
1254 7
1259 7
1265 7
1270 7
1275 7
1281 7
1286 7
1291 7
1297 7
1302 7
1308 7
1313 7
1318 7
1324 7
1329 7
1335 7
1340 7
1345 7
1351 7
1356 7
1361 7
1367 7
1372 7
1378 7
1383 7
1388 7
1394 7
1399 7
1405 7
1410 7
1415 7
1421 7
1426 7
1431 7
1437 7
1442 7
1448 7
1453 7
1458 7
1464 7
1469 7
1475 7
1480 7
1485 7
1491 7
1496 7
1501 7
1507 7
1512 7
1518 7
1523 7
1528 7
1534 7
1539 7
1545 7
1550 7
1555 7
1561 7
1566 7
1571 7
1577 7
1582 7
1588 7
1593 7
1598 7
1604 7
1609 7
1614 7
1620 6
1625 6
1631 6
1636 6
1641 6
1647 6
1652 6
1658 6
1663 6
1668 6
1674 6
1679 6
1684 6
1690 6
1695 6
1701 6
1706 6
1711 6
1717 6
1722 6
1728 6
1733 6
1738 6
1744 6
1749 6
1754 6
1760 6
1765 6
1771 6
1776 6
1781 6
1787 6
1792 6
1798 6
1803 6
1808 6
1814 6
1819 6
1824 6
1830 6
1835 6
1841 6
1846 6
1851 6
1857 6
1862 6
1868 6
1873 6
1878 6
1884 6
1889 6
1894 6
1900 6
1905 6
1911 6
1916 6
1921 6
1927 6
1932 6
1937 6
1943 6
1948 6
1954 6
1959 6
1964 6
1970 6
1975 6
1981 6
1986 6
1991 6
1997 6
2002 6
2007 6
2013 6
2018 6
2024 6
2029 6
2034 6
2040 6
2045 6
2051 6
2056 6
2061 6
2067 6
2072 6
2077 6
2083 6
2088 6
2094 6
2099 6
2104 6
2110 6
2115 6
2121 6
2126 6
2131 6
2137 6
2142 6
2147 6
2153 6
2158 6
2164 6
2169 6
2174 6
2180 6
2185 6
2191 6
2196 6
2201 6
2207 6
2212 6
2217 6
2223 6
2228 6
2234 6
2239 6
2244 6
2250 6
2255 6
2260 6
2266 6
2271 6
2277 6
2282 6
2287 6
2293 6
2298 6
2304 6
2309 6
2314 6
2320 6
2325 6
2330 6
2336 6
2341 6
2347 6
2352 6
2357 6
2363 6
2368 6
2374 6
2379 6
2384 6
2390 6
2395 6
2400 6
2406 6
2411 6
2417 6
2422 6
2427 6
2433 6
2438 6
2444 6
2449 6
2454 6
2460 6
2465 6
2470 6
2476 6
2481 6
2487 6
2492 6
2497 6
2503 5
2508 5
2514 5
2519 5
2524 5
2530 5
2535 5
2540 5
2546 5
2551 5
2557 5
2562 5
2567 5
2573 5
2578 5
2583 5
2589 5
2594 5
2600 5
2605 5
2610 5
2616 5
2621 5
2627 5
2632 5
2637 5
2643 5
2648 5
2653 5
2659 5
2664 5
2670 5
2675 5
2680 5
2686 5
2691 5
2697 5
2702 5
2707 5
2713 5
2718 5
2723 5
2729 5
2734 5
2740 5
2745 5
2750 5
2756 5
2761 5
2767 5
2772 5
2777 5
2783 5
2788 5
2793 5
2799 5
2804 5
2810 5
2815 5
2820 5
2826 5
2831 5
2836 5
2842 5
2847 5
2853 5
2858 5
2863 5
2869 5
2874 5
2880 5
2885 5
2890 5
2896 5
2901 5
2906 5
2912 5
2917 5
2923 5
2928 5
2933 5
2939 5
2944 5
2950 5
2955 5
2960 5
2966 5
2971 5
2976 5
2982 5
2987 5
2993 5
2998 5
3003 5
3009 5
3014 5
3020 5
3025 5
3030 5
3036 5
3041 5
3046 5
3052 5
3057 5
3063 5
3068 5
3073 5
3079 5
3084 5
3090 5
3095 5
3100 5
3106 5
3111 5
3116 5
3122 5
3127 5
3133 5
3138 5
3143 5
3149 5
3154 5
3159 5
3165 5
3170 5
3176 5
3181 5
3186 5
3192 5
3197 5
3203 5
3208 5
3213 5
3219 5
3224 5
3229 5
3235 5
3240 5
3246 4
3251 4
3256 4
3262 4
3267 4
3273 4
3278 4
3283 4
3289 4
3294 4
3299 4
3305 4
3310 4
3316 4
3321 4
3326 4
3332 4
3337 4
3343 4
3348 4
3353 4
3359 4
3364 4
3369 4
3375 4
3380 4
3386 4
3391 4
3396 4
3402 4
3407 4
3413 4
3418 4
3423 4
3429 4
3434 4
3439 4
3445 4
3450 4
3456 4
3461 4
3466 4
3472 4
3477 4
3482 4
3488 4
3493 4
3499 4
3504 4
3509 4
3515 4
3520 4
3526 4
3531 4
3536 4
3542 4
3547 4
3552 4
3558 4
3563 4
3569 4
3574 4
3579 4
3585 4
3590 4
3596 4
3601 4
3606 4
3612 4
3617 4
3622 4
3628 4
3633 4
3639 4
3644 4
3649 4
3655 4
3660 4
3666 4
3671 4
3676 4
3682 4
3687 4
3692 4
3698 4
3703 4
3709 4
3714 4
3719 4
3725 4
3730 4
3736 4
3741 4
3746 4
3752 4
3757 4
3762 4
3768 4
3773 4
3779 4
3784 4
3789 4
3795 4
3800 4
3805 4
3811 4
3816 4
3822 4
3827 4
3832 4
3838 4
3843 4
3849 4
3854 4
3859 4
3865 4
3870 4
3875 4
3881 4
3886 4
3892 4
3897 4
3902 4
3908 4
3913 4
3919 4
3924 4
3929 4
3935 4
3940 4
3945 4
3951 4
3956 4
3962 4
3967 4
3972 4
3978 3
3983 3
3989 3
3994 3
3999 3
4005 3
4010 3
4015 3
4021 3
4026 3
4032 3
4037 3
4042 3
4048 3
4053 3
4059 3
4064 3
4069 3
4075 3
4080 3
4085 3
4091 3
4096 3
4102 3
4107 3
4112 3
4118 3
4123 3
4128 3
4134 3
4139 3
4145 3
4150 3
4155 3
4161 3
4166 3
4172 3
4177 3
4182 3
4188 3
4193 3
4198 3
4204 3
4209 3
4215 3
4220 3
4225 3
4231 3
4236 3
4242 3
4247 3
4252 3
4258 3
4263 3
4268 3
4274 3
4279 3
4285 3
4290 3
4295 3
4301 3
4306 3
4312 3
4317 3
4322 3
4328 3
4333 3
4338 3
4344 3
4349 3
4355 3
4360 3
4365 3
4371 3
4376 3
4382 3
4387 3
4392 3
4398 3
4403 3
4408 3
4414 3
4419 3
4425 3
4430 3
4435 3
4441 3
4446 3
4451 3
4457 3
4462 3
4468 3
4473 3
4478 3
4484 3
4489 3
4495 3
4500 3
4505 3
4511 3
4516 3
4521 3
4527 3
4532 3
4538 3
4543 3
4548 3
4554 3
4559 3
4565 3
4570 3
4575 3
4581 3
4586 3
4591 3
4597 3
4602 3
4608 3
4613 3
4618 3
4624 3
4629 3
4635 3
4640 3
4645 3
4651 3
4656 3
4661 3
4667 3
4672 3
4678 3
4683 3
4688 3
4694 3
4699 3
4705 3
4710 3
4715 3
4721 3
4726 3
4731 3
4737 3
4742 3
4748 3
4753 3
4758 3
4764 3
4769 3
4774 3
4780 2
4785 2
4791 2
4796 2
4801 2
4807 2
4812 2
4818 2
4823 2
4828 2
4834 2
4839 2
4844 2
4850 2
4855 2
4861 2
4866 2
4871 2
4877 2
4882 2
4888 2
4893 2
4898 2
4904 2
4909 2
4914 2
4920 2
4925 2
4931 2
4936 2
4941 2
4947 2
4952 2
4958 2
4963 2
4968 2
4974 2
4979 2
4984 2
4990 2
4995 2
5001 2
5006 2
5011 2
5017 2
5022 2
5028 2
5033 2
5038 2
5044 2
5049 2
5054 2
5060 2
5065 2
5071 2
5076 2
5081 2
5087 2
5092 2
5097 2
5103 2
5108 2
5114 2
5119 2
5124 2
5130 2
5135 2
5141 2
5146 2
5151 2
5157 2
5162 2
5167 2
5173 2
5178 2
5184 2
5189 2
5194 2
5200 2
5205 2
5211 2
5216 2
5221 2
5227 2
5232 2
5237 2
5243 2
5248 2
5254 2
5259 2
5264 2
5270 2
5275 2
5281 2
5286 2
5291 2
5297 2
5302 2
5307 2
5313 2
5318 2
5324 2
5329 2
5334 2
5340 2
5345 2
5351 2
5356 2
5361 2
5367 2
5372 2
5377 2
5383 2
5388 2
5394 2
5399 2
5404 2
5410 2
5415 2
5420 2
5426 2
5431 2
5437 2
5442 2
5447 2
5453 2
5458 2
5464 2
5469 2
5474 2
5480 2
5485 2
5490 2
5496 2
5501 2
5507 2
5512 2
5517 2
5523 2
5528 2
5534 2
5539 2
5544 2
5550 2
5555 2
5560 2
5566 2
5571 2
5577 2
5582 2
5587 2
5593 2
5598 2
5604 2
5609 2
5614 2
5620 2
5625 2
5630 2
5636 2
5641 2
5647 2
5652 2
5657 2
5663 2
5668 2
5673 2
5679 2
5684 2
5690 2
5695 2
5700 2
5706 2
5711 2
5717 2
5722 2
5727 2
5733 2
5738 2
5743 2
5749 2
5754 2
5760 2
5765 2
5770 2
5776 2
5781 2
5787 2
5792 2
5797 2
5803 2
5808 2
5813 2
5819 2
5824 2
5830 2
5835 2
5840 2
5846 2
5851 2
5857 2
5862 2
5867 2
5873 2
5878 2
5883 1
5889 1
5894 1
5900 1
5905 1
5910 1
5916 1
5921 1
5927 1
5932 1
5937 1
5943 1
5948 1
5953 1
5959 1
5964 1
5970 1
5975 1
5980 1
5986 1
5991 1
5996 1
6002 1
6007 1
6013 1
6018 1
6023 1
6029 1
6034 1
6040 1
6045 1
6050 1
6056 1
6061 1
6066 1
6072 1
6077 1
6083 1
6088 1
6093 1
6099 1
6104 1
6110 1
6115 1
6120 1
6126 1
6131 1
6136 1
6142 1
6147 1
6153 1
6158 1
6163 1
6169 1
6174 1
6180 1
6185 1
6190 1
6196 1
6201 1
6206 1
6212 1
6217 1
6223 1
6228 1
6233 1
6239 1
6244 1
6250 1
6255 1
6260 1
6266 1
6271 1
6276 1
6282 1
6287 1
6293 1
6298 1
6303 1
6309 1
6314 1
6319 1
6325 1
6330 1
6336 1
6341 1
6346 1
6352 1
6357 1
6363 1
6368 1
6373 1
6379 1
6384 1
6389 1
6395 1
6400 1
6406 1
6411 1
6416 1
6422 1
6427 1
6433 1
6438 1
6443 1
6449 1
6454 1
6459 1
6465 1
6470 1
6476 1
6481 1
6486 1
6492 1
6497 1
6503 1
6508 1
6513 1
6519 1
6524 1
6529 1
6535 1
6540 1
6546 1
6551 1
6556 1
6562 1
6567 1
6573 1
6578 1
6583 1
6589 1
6594 1
6599 1
6605 1
6610 1
6616 1
6621 1
6626 1
6632 1
6637 1
6642 1
6648 1
6653 1
6659 1
6664 1
6669 1
6675 1
6680 1
6686 1
6691 1
6696 1
6702 1
6707 1
6712 1
6718 1
6723 1
6729 1
6734 1
6739 1
6745 1
6750 1
6756 1
6761 1
6766 1
6772 1
6777 1
6782 1
6788 1
6793 1
6799 1
6804 1
6809 1
6815 1
6820 1
6826 1
6831 1
6836 1
6842 1
6847 1
6852 1
6858 1
6863 1
6869 1
6874 1
6879 1
6885 1
6890 1
6896 1
6901 1
6906 1
6912 1
6917 1
6922 1
6928 1
6933 1
6939 1
6944 1
6949 1
6955 1
6960 1
6965 1
6971 1
6976 1
6982 1
6987 1
6992 1
6998 1
7003 1
7009 1
7014 1
7019 1
7025 1
7030 1
7035 1
7041 1
7046 1
7052 1
7057 1
7062 1
7068 1
7073 1
7079 1
7084 1
7089 1
7095 1
7100 1
7105 1
7111 1
7116 1
7122 1
7127 1
7132 1
7138 1
7143 1
7149 1
7154 1
7159 1
7165 1
7170 1
7175 1
7181 1
7186 1
7192 1
7197 1
7202 1
7208 1
7213 1
7219 1
7224 1
7229 1
7235 1
7240 1
7245 1
7251 1
7256 1
7262 1
7267 1
7272 1
7278 1
7283 1
7288 1
7294 1
7299 1
7305 1
7310 1
7315 1
7321 1
7326 1
7332 1
7337 1
7342 1
7348 1
7353 1
7358 1
7364 1
7369 1
7375 1
7380 1
7385 1
7391 1
7396 1
7402 1
7407 1
7412 1
7418 1
7423 1
7428 1
7434 1
7439 1
7445 1
7450 1
7455 1
7461 1
7466 1
7472 1
7477 1
7482 1
7488 1
7493 1
7498 1
7504 1
7509 1
7515 1
7520 1
7525 1
7531 1
7536 1
7542 1
7547 1
7552 1
7558 1
7563 1
7568 1
7574 1
7579 1
7585 1
7590 1
7595 1
7601 1
7606 1
7611 1
7617 1
7622 1
7628 1
7633 1
7638 1
7644 1
7649 1
7655 1
7660 1
7665 1
7671 1
7676 1
7681 1
7687 1
7692 1
7698 1
7703 1
7708 1
7714 1
7719 1
7725 1
7730 1
7735 1
7741 1
7746 1
7751 1
7757 1
7762 1
7768 1
7773 1
7778 1
7784 1
7789 1
7795 1
7800 1
7805 1
7811 1
7816 1
7821 1
7827 1
7832 1
7838 1
7843 1
7848 1
7854 1
7859 1
7865 1
7870 1
7875 1
7881 1
7886 1
7891 1
7897 1
7902 1
7908 1
7913 1
7918 1
7924 1
7929 1
7934 1
7940 1
7945 1
7951 1
7956 1
7961 1
7967 1
7972 1
7978 1
7983 1
7988 1
7994 1
7999 1
8004 1
8010 1
8015 1
8021 1
8026 1
8031 1
8037 1
8042 1
8048 1
8053 1
8058 1
8064 1
8069 1
8074 1
8080 1
8085 1
8091 1
8096 1
8101 1
8107 1
8112 1
8118 1
8123 1
8128 1
8134 1
8139 1
8144 1
8150 1
8155 1
8161 1
8166 1
8171 1
8177 1
8182 1
8188 1
8193 1
8198 1
8204 1
8209 1
8214 1
8220 1
8225 1
8231 1
8236 1
8241 1
8247 1
8252 1
8257 1
8263 1
8268 1
8274 1
8279 1
8284 1
8290 1
8295 1
8301 1
8306 1
8311 1
8317 1
8322 1
8327 1
8333 1
8338 1
8344 1
8349 1
8354 1
8360 1
8365 1
8371 1
8376 1
8381 1
8387 1
8392 1
8397 1
8403 1
8408 1
8414 1
8419 1
8424 1
8430 1
8435 1
8441 1
8446 1
8451 1
8457 1
8462 1
8467 1
8473 1
8478 1
8484 1
8489 1
8494 1
8500 1
8505 1
8510 1
8516 1
8521 1
8527 1
8532 1
8537 1
8543 1
8548 1
8554 1
8559 1
8564 1
8570 1
8575 1
8580 1
8586 1
8591 1
8597 1
8602 1
8607 1
8613 1
8618 1
8624 1
8629 1
8634 1
8640 1
8645 1
8650 1
8656 1
8661 1
8667 1
8672 1
8677 1
8683 1
8688 1
8694 1
8699 1
8704 1
8710 1
8715 1
8720 1
8726 1
8731 1
8737 1
8742 1
8747 1
8753 1
8758 1
8764 1
8769 1
8774 1
8780 1
8785 1
8790 1
8796 1
8801 1
8807 1
8812 1
8817 1
8823 1
8828 1
8833 1
8839 1
8844 1
8850 1
8855 1
8860 1
8866 1
8871 1
8877 1
8882 1
8887 1
8893 1
8898 1
8903 1
8909 1
8914 1
8920 1
8925 1
8930 1
8936 1
8941 1
8947 1
8952 1
8957 1
8963 1
8968 1
8973 1
8979 1
8984 1
8990 1
8995 1
9000 1
9006 1
9011 1
9017 1
9022 1
9027 1
9033 1
9038 1
9043 1
9049 1
9054 1
9060 1
9065 1
9070 1
9076 1
9081 1
9087 1
9092 1
9097 1
9103 1
9108 1
9113 1
9119 1
9124 1
9130 1
9135 1
9140 1
9146 1
9151 1
9156 1
9162 1
9167 1
9173 1
9178 1
9183 1
9189 1
9194 1
9200 1
9205 1
9210 1
9216 1
9221 1
9226 1
9232 1
9237 1
9243 1
9248 1
9253 1
9259 1
9264 1
9270 1
9275 1
9280 1
9286 1
9291 1
9296 1
9302 1
9307 1
9313 1
9318 1
9323 1
9329 1
9334 1
9340 1
9345 1
9350 1
9356 1
9361 1
9366 1
9372 1
9377 1
9383 1
9388 1
9393 1
9399 1
9404 1
9410 1
9415 2
9420 2
9426 2
9431 2
9436 2
9442 2
9447 2
9453 2
9458 2
9463 2
9469 2
9474 2
9479 2
9485 2
9490 2
9496 2
9501 2
9506 2
9512 2
9517 2
9523 2
9528 2
9533 2
9539 2
9544 2
9549 2
9555 2
9560 2
9566 2
9571 2
9576 2
9582 2
9587 2
9593 2
9598 2
9603 2
9609 2
9614 2
9619 2
9625 2
9630 2
9636 2
9641 2
9646 2
9652 2
9657 2
9663 2
9668 2
9673 2
9679 2
9684 2
9689 2
9695 2
9700 2
9706 2
9711 2
9716 2
9722 2
9727 2
9733 2
9738 2
9743 2
9749 2
9754 2
9759 2
9765 2
9770 2
9776 2
9781 2
9786 2
9792 2
9797 2
9802 2
9808 2
9813 2
9819 2
9824 2
9829 2
9835 2
9840 2
9846 2
9851 2
9856 2
9862 2
9867 2
9872 2
9878 2
9883 2
9889 2
9894 2
9899 2
9905 2
9910 2
9916 2
9921 2
9926 2
9932 2
9937 2
9942 2
9948 2
9953 2
9959 2
9964 2
9969 2
9975 2
9980 2
9986 2
9991 2
9996 2
10002 2
10007 2
10012 2
10018 2
10023 2
10029 2
10034 2
10039 2
10045 2
10050 2
10056 2
10061 2
10066 2
10072 2
10077 2
10082 2
10088 2
10093 2
10099 2
10104 2
10109 2
10115 2
10120 2
10125 2
10131 2
10136 2
10142 2
10147 2
10152 2
10158 2
10163 2
10169 2
10174 2
10179 2
10185 2
10190 2
10195 2
10201 2
10206 2
10212 2
10217 2
10222 2
10228 2
10233 2
10239 2
10244 2
10249 2
10255 2
10260 2
10265 2
10271 2
10276 2
10282 2
10287 2
10292 2
10298 2
10303 2
10309 2
10314 2
10319 2
10325 2
10330 2
10335 2
10341 2
10346 2
10352 2
10357 2
10362 2
10368 2
10373 2
10379 2
10384 2
10389 2
10395 2
10400 2
10405 2
10411 2
10416 2
10422 2
10427 2
10432 2
10438 2
10443 2
10448 2
10454 2
10459 2
10465 2
10470 2
10475 2
10481 2
10486 2
10492 2
10497 2
10502 2
10508 2
10513 2
10518 2
10524 2
10529 2
10535 2
10540 2
10545 2
10551 2
10556 2
10562 2
10567 2
10572 2
10578 2
10583 2
10588 2
10594 2
10599 2
10605 2
10610 2
10615 2
10621 2
10626 2
10632 2
10637 2
10642 2
10648 2
10653 2
10658 2
10664 2
10669 2
10675 2
10680 2
10685 2
10691 2
10696 2
10702 2
10707 2
10712 2
10718 2
10723 2
10728 2
10734 2
10739 2
10745 2
10750 2
10755 2
10761 2
10766 2
10771 2
10777 2
10782 2
10788 2
10793 2
10798 2
10804 2
10809 2
10815 2
10820 2
10825 2
10831 2
10836 2
10841 2
10847 2
10852 2
10858 2
10863 2
10868 2
10874 2
10879 2
10885 2
10890 2
10895 2
10901 2
10906 2
10911 2
10917 2
10922 2
10928 2
10933 2
10938 2
10944 2
10949 2
10955 2
10960 2
10965 2
10971 2
10976 2
10981 2
10987 2
10992 2
10998 2
11003 2
11008 2
11014 2
11019 2
11025 2
11030 2
11035 2
11041 2
11046 2
11051 2
11057 2
11062 2
11068 2
11073 2
11078 2
11084 2
11089 2
11094 2
11100 2
11105 2
11111 2
11116 2
11121 2
11127 2
11132 2
11138 2
11143 2
11148 2
11154 2
11159 2
11164 2
11170 2
11175 2
11181 2
11186 2
11191 2
11197 2
11202 2
11208 2
11213 2
11218 2
11224 2
11229 2
11234 2
11240 2
11245 2
11251 2
11256 2
11261 2
11267 2
11272 2
11278 2
11283 2
11288 2
11294 2
11299 2
11304 2
11310 2
11315 2
11321 2
11326 2
11331 2
11337 2
11342 2
11347 2
11353 2
11358 2
11364 2
11369 2
11374 2
11380 2
11385 2
11391 2
11396 2
11401 2
11407 2
11412 2
11417 2
11423 2
11428 2
11434 2
11439 2
11444 2
11450 2
11455 2
11461 2
11466 2
11471 2
11477 2
11482 2
11487 2
11493 2
11498 2
11504 2
11509 2
11514 2
11520 2
11525 2
11531 2
11536 2
11541 2
11547 2
11552 2
11557 2
11563 2
11568 2
11574 2
11579 2
11584 2
11590 2
11595 2
11601 2
11606 2
11611 2
11617 2
11622 2
11627 2
11633 2
11638 2
11644 2
11649 2
11654 2
11660 2
11665 2
11670 2
11676 2
11681 2
11687 2
11692 2
11697 2
11703 2
11708 2
11714 2
11719 2
11724 2
11730 2
11735 2
11740 2
11746 2
11751 2
11757 2
11762 2
11767 2
11773 2
11778 2
11784 2
11789 2
11794 2
11800 2
11805 2
11810 2
11816 2
11821 2
11827 2
11832 2
11837 2
11843 2
11848 2
11854 2
11859 2
11864 2
11870 2
11875 2
11880 2
11886 2
11891 2
11897 2
11902 2
11907 2
11913 2
11918 2
11924 2
11929 2
11934 2
11940 2
11945 2
11950 2
11956 2
11961 2
11967 2
11972 2
11977 2
11983 2
11988 2
11993 2
11999 2
12004 2
12010 2
12015 2
12020 2
12026 2
12031 2
12037 2
12042 2
12047 2
12053 2
12058 2
12063 2
12069 2
12074 2
12080 2
12085 2
12090 2
12096 2
12101 2
12107 2
12112 2
12117 2
12123 2
12128 2
12133 2
12139 2
12144 2
12150 2
12155 2
12160 2
12166 2
12171 2
12177 2
12182 2
12187 2
12193 2
12198 2
12203 2
12209 2
12214 2
12220 2
12225 2
12230 2
12236 2
12241 2
12247 2
12252 2
12257 2
12263 2
12268 2
12273 2
12279 2
12284 2
12290 2
12295 2
12300 2
12306 2
12311 2
12316 2
12322 2
12327 2
12333 2
12338 2
12343 2
12349 2
12354 2
12360 2
12365 2
12370 2
12376 2
12381 2
12386 2
12392 2
12397 2
12403 2
12408 2
12413 2
12419 2
12424 2
12430 2
12435 2
12440 2
12446 2
12451 2
12456 2
12462 2
12467 2
12473 2
12478 2
12483 2
12489 2
12494 2
12500 2
12505 2
12510 2
12516 2
12521 2
12526 2
12532 2
12537 2
12543 2
12548 2
12553 2
12559 2
12564 2
12570 2
12575 2
12580 2
12586 2
12591 2
12596 2
12602 2
12607 2
12613 2
12618 2
12623 2
12629 2
12634 2
12639 2
12645 2
12650 2
12656 2
12661 2
12666 2
12672 2
12677 2
12683 2
12688 2
12693 2
12699 2
12704 2
12709 2
12715 2
12720 2
12726 2
12731 2
12736 2
12742 2
12747 2
12753 2
12758 2
12763 2
12769 2
12774 2
12779 2
12785 2
12790 2
12796 2
12801 2
12806 2
12812 2
12817 2
12823 2
12828 2
12833 2
12839 2
12844 2
12849 2
12855 2
12860 2
12866 2
12871 2
12876 2
12882 2
12887 2
12893 2
12898 2
12903 2
12909 2
12914 2
12919 2
12925 2
12930 2
12936 2
12941 2
12946 2
12952 2
12957 2
12962 2
12968 2
12973 2
12979 2
12984 2
12989 2
12995 2
13000 2
13006 2
13011 2
13016 2
13022 2
13027 2
13032 2
13038 2
13043 2
13049 2
13054 2
13059 2
13065 2
13070 2
13076 2
13081 2
13086 2
13092 2
13097 2
13102 2
13108 2
13113 2
13119 2
13124 2
13129 2
13135 2
13140 2
13146 2
13151 2
13156 2
13162 2
13167 2
13172 2
13178 2
13183 2
13189 2
13194 2
13199 2
13205 2
13210 2
13216 2
13221 2
13226 2
13232 2
13237 2
13242 2
13248 2
13253 2
13259 2
13264 2
13269 2
13275 2
13280 2
13285 2
13291 2
13296 2
13302 2
13307 2
13312 2
13318 2
13323 2
13329 2
13334 2
13339 2
13345 2
13350 2
13355 2
13361 2
13366 2
13372 2
13377 1
13382 1
13388 1
13393 1
13399 1
13404 1
13409 1
13415 1
13420 1
13425 1
13431 1
13436 1
13442 1
13447 1
13452 1
13458 1
13463 1
13469 1
13474 1
13479 1
13485 1
13490 1
13495 1
13501 1
13506 1
13512 1
13517 1
13522 1
13528 1
13533 1
13539 1
13544 1
13549 1
13555 1
13560 1
13565 1
13571 1
13576 1
13582 1
13587 1
13592 1
13598 1
13603 1
13608 1
13614 1
13619 1
13625 1
13630 1
13635 1
13641 1
13646 1
13652 1
13657 1
13662 1
13668 1
13673 1
13678 1
13684 1
13689 1
13695 1
13700 1
13705 1
13711 1
13716 1
13722 1
13727 1
13732 1
13738 1
13743 1
13748 1
13754 1
13759 1
13765 1
13770 1
13775 1
13781 1
13786 1
13792 1
13797 1
13802 1
13808 1
13813 1
13818 1
13824 1
13829 1
13835 1
13840 1
13845 1
13851 1
13856 1
13861 1
13867 1
13872 1
13878 1
13883 1
13888 1
13894 1
13899 1
13905 1
13910 1
13915 1
13921 1
13926 1
13931 1
13937 1
13942 1
13948 1
13953 1
13958 1
13964 1
13969 1
13975 1
13980 1
13985 1
13991 1
13996 1
14001 1
14007 1
14012 1
14018 1
14023 1
14028 1
14034 1
14039 1
14045 1
14050 1
14055 1
14061 1
14066 1
14071 1
14077 1
14082 1
14088 1
14093 1
14098 1
14104 1
14109 1
14115 1
14120 1
14125 1
14131 1
14136 1
14141 1
14147 1
14152 1
14158 1
14163 1
14168 1
14174 1
14179 1
14184 1
14190 1
14195 1
14201 1
14206 1
14211 1
14217 1
14222 1
14228 1
14233 1
14238 1
14244 1
14249 1
14254 1
14260 1
14265 1
14271 1
14276 1
14281 1
14287 1
14292 1
14298 1
14303 1
14308 1
14314 1
14319 1
14324 1
14330 1
14335 1
14341 1
14346 1
14351 1
14357 1
14362 1
14368 1
14373 1
14378 1
14384 1
14389 1
14394 1
14400 1
14405 1
14411 1
14416 1
14421 1
14427 1
14432 1
14438 1
14443 1
14448 1
14454 1
14459 1
14464 1
14470 1
14475 1
14481 1
14486 1
14491 1
14497 1
14502 1
14507 1
14513 1
14518 1
14524 1
14529 1
14534 1
14540 1
14545 1
14551 1
14556 1
14561 1
14567 1
14572 1
14577 1
14583 1
14588 1
14594 1
14599 1
14604 1
14610 1
14615 1
14621 1
14626 1
14631 1
14637 1
14642 1
14647 1
14653 1
14658 1
14664 1
14669 1
14674 1
14680 1
14685 1
14691 1
14696 1
14701 1
14707 1
14712 1
14717 1
14723 1
14728 1
14734 1
14739 1
14744 1
14750 1
14755 1
14761 1
14766 1
14771 1
14777 1
14782 1
14787 1
14793 1
14798 1
14804 1
14809 1
14814 1
14820 1
14825 1
14830 1
14836 1
14841 1
14847 1
14852 1
14857 1
14863 1
14868 1
14874 1
14879 1
14884 1
14890 1
14895 1
14900 1
14906 1
14911 1
14917 1
14922 1
14927 1
14933 1
14938 1
14944 1
14949 1
14954 1
14960 1
14965 1
14970 1
14976 1
14981 1
14987 1
14992 1
14997 1
15003 1
15008 1
15014 1
15019 1
15024 1
15030 1
15035 1
15040 1
15046 1
15051 1
15057 1
15062 1
15067 1
15073 1
15078 1
15084 1
15089 1
15094 1
15100 1
15105 1
15110 1
15116 1
15121 1
15127 1
15132 1
15137 1
15143 1
15148 1
15153 1
15159 1
15164 1
15170 1
15175 1
15180 1
15186 1
15191 1
15197 1
15202 1
15207 1
15213 1
15218 1
15223 1
15229 1
15234 1
15240 1
15245 1
15250 1
15256 1
15261 1
15267 1
15272 1
15277 1
15283 1
15288 1
15293 1
15299 1
15304 1
15310 1
15315 1
15320 0
15326 0
15331 0
15337 0
15342 0
15347 0
15353 0
15358 0
15363 0
15369 0
15374 0
15380 0
15385 0
15390 0
15396 0
15401 0
15407 0
15412 0
15417 0
15423 0
15428 0
15433 0
15439 0
15444 0
15450 0
15455 0
15460 0
15466 0
15471 0
15476 0
15482 0
15487 0
15493 0
15498 0
15503 0
15509 0
15514 0
15520 0
15525 0
15530 0
15536 0
15541 0
15546 0
15552 0
15557 0
15563 0
15568 0
15573 0
15579 0
15584 0
15590 0
15595 0
15600 0
15606 0
15611 0
15616 0
15622 0
15627 0
15633 0
15638 0
15643 0
15649 0
15654 0
15660 0
15665 0
15670 0
15676 0
15681 0
15686 0
15692 0
15697 0
15703 0
15708 0
15713 0
15719 0
15724 0
15730 0
15735 0
15740 0
15746 0
15751 0
15756 0
15762 0
15767 0
15773 0
15778 0
15783 0
15789 0
15794 0
15799 0
15805 0
15810 0
15816 0
15821 0
15826 0
15832 0
15837 0
15843 0
15848 0
15853 0
15859 0
15864 0
15869 0
15875 0
15880 0
15886 0
15891 0
15896 0
15902 0
15907 0
15913 0
15918 0
15923 0
15929 0
15934 0
15939 0
15945 0
15950 0
15956 0
15961 0
15966 0
15972 0
15977 0
15983 0
15988 0
15993 0
15999 0
16004 0
16009 0
16015 0
16020 0
16026 0
16031 0
16036 0
16042 0
16047 0
16053 0
16058 0
16063 0
16069 0
16074 0
16079 0
16085 0
16090 0
16096 0
16101 0
16106 0
16112 0
16117 0
16122 0
16128 0
16133 0
16139 0
16144 0
16149 0
16155 0
16160 0
16166 0
16171 0
16176 0
16182 0
16187 0
16192 0
16198 0
16203 0
16209 0
16214 0
16219 0
16225 0
16230 0
16236 0
16241 0
16246 0
16252 0
16257 0
16262 0
16268 0
16273 0
16279 0
16284 0
16289 0
16295 0
16300 0
16306 0
16311 0
16316 0
16322 0
16327 0
16332 0
16338 0
16343 0
16349 0
16354 0
16359 0
16365 0
16370 0
16376 0
16381 0
16386 0
16392 0
16397 0
16402 0
16408 0
16413 0
16419 0
16424 0
16429 0
16435 0
16440 0
16445 0
16451 0
16456 0
16462 0
16467 0
16472 0
16478 0
16483 0
16489 0
16494 0
16499 0
16505 0
16510 0
16515 0
16521 0
16526 0
16532 0
16537 0
16542 0
16548 0
16553 0
16559 0
16564 0
16569 0
16575 0
16580 0
16585 0
16591 0
16596 0
16602 0
16607 0
16612 0
16618 0
16623 0
16629 0
16634 0
16639 0
16645 0
16650 0
16655 0
16661 0
16666 0
16672 0
16677 0
16682 0
16688 0
16693 0
16698 0
16704 0
16709 0
16715 0
16720 0
16725 0
16731 0
16736 0
16742 0
16747 0
16752 0
16758 0
16763 0
16768 0
16774 0
16779 0
16785 0
16790 0
16795 0
16801 0
16806 0
16812 0
16817 0
16822 0
16828 0
16833 0
16838 0
16844 0
16849 0
16855 0
16860 0
16865 0
16871 0
16876 0
16882 0
16887 0
16892 0
16898 0
16903 0
16908 0
16914 0
16919 0
16925 0
16930 0
16935 0
16941 0
16946 0
16952 0
16957 0
16962 0
16968 0
16973 0
16978 0
16984 0
16989 0
16995 0
17000 0
17005 0
17011 0
17016 0
17021 0
17027 0
17032 0
17038 0
17043 0
17048 0
17054 0
17059 0
17065 0
17070 0
17075 0
17081 0
17086 0
17091 0
17097 0
17102 0
17108 0
17113 0
17118 0
17124 0
17129 0
17135 0
17140 0
17145 0
17151 0
17156 0
17161 0
17167 0
17172 0
17178 0
17183 0
17188 0
17194 0
17199 0
17205 0
17210 0
17215 0
17221 0
17226 0
17231 0
17237 0
17242 0
17248 0
17253 0
17258 0
17264 0
17269 0
17275 0
17280 0
17285 0
17291 0
17296 0
17301 0
17307 0
17312 0
17318 0
17323 0
17328 0
17334 0
17339 0
17344 0
17350 0
17355 0
17361 0
17366 0
17371 0
17377 0
17382 0
17388 0
17393 0
17398 0
17404 0
17409 0
17414 0
17420 0
17425 0
17431 0
17436 0
17441 0
17447 0
17452 0
17458 0
17463 0
17468 0
17474 0
17479 0
17484 0
17490 0
17495 0
17501 0
17506 0
17511 0
17517 0
17522 0
17528 0
17533 0
17538 0
17544 0
17549 0
17554 0
17560 0
17565 0
17571 0
17576 0
17581 0
17587 0
17592 0
17598 0
17603 0
17608 0
17614 0
17619 0
17624 0
17630 0
17635 0
17641 0
17646 0
17651 0
17657 0
17662 0
17667 0
17673 0
17678 0
17684 0
17689 0
17694 0
17700 0
17705 0
17711 0
17716 0
17721 0
17727 0
17732 0
17737 0
17743 0
17748 0
17754 0
17759 0
17764 0
17770 0
17775 0
17781 0
17786 0
17791 0
17797 0
17802 0
17807 0
17813 0
17818 0
17824 0
17829 0
17834 0
17840 0
17845 0
17851 0
17856 0
17861 0
17867 0
17872 0
17877 0
17883 0
17888 0
17894 0
17899 0
17904 0
17910 0
17915 0
17921 0
17926 0
17931 0
17937 0
17942 0
17947 0
17953 0
17958 0
17964 0
17969 0
17974 0
17980 0
17985 0
17990 0
17996 0
18001 0
18007 0
18012 0
18017 0
18023 0
18028 0
18034 0
18039 0
18044 0
18050 0
18055 0
18060 0
18066 0
18071 0
18077 0
18082 0
18087 0
18093 0
18098 0
18104 0
18109 0
18114 0
18120 0
18125 0
18130 0
18136 0
18141 0
18147 0
18152 0
18157 0
18163 0
18168 0
18174 0
18179 0
18184 0
18190 0
18195 0
18200 0
18206 0
18211 0
18217 0
18222 0
18227 0
18233 0
18238 0
18244 0
18249 0
18254 0
18260 0
18265 0
18270 0
18276 0
18281 0
18287 0
18292 0
18297 0
18303 0
18308 0
18313 0
18319 0
18324 0
18330 0
18335 0
18340 0
18346 0
18351 0
18357 0
18362 0
18367 0
18373 0
18378 0
18383 0
18389 0
18394 0
18400 0
18405 0
18410 0
18416 0
18421 0
18427 0
18432 0
18437 0
18443 0
18448 0
18453 0
18459 0
18464 0
18470 0
18475 0
18480 0
18486 0
18491 0
18497 0
18502 0
18507 0
18513 0
18518 0
18523 0
18529 0
18534 0
18540 0
18545 0
18550 0
18556 0
18561 0
18567 0
18572 0
18577 0
18583 0
18588 0
18593 0
18599 0
18604 0
18610 0
18615 0
18620 0
18626 0
18631 0
18636 0
18642 0
18647 0
18653 0
18658 0
18663 0
18669 0
18674 0
18680 0
18685 0
18690 0
18696 0
18701 0
18706 0
18712 0
18717 0
18723 0
18728 0
18733 0
18739 0
18744 0
18750 0
18755 0
18760 0
18766 0
18771 0
18776 0
18782 0
18787 0
18793 0
18798 0
18803 0
18809 0
18814 0
18820 0
18825 0
18830 0
18836 0
18841 0
18846 0
18852 0
18857 0
18863 0
18868 0
18873 0
18879 0
18884 0
18890 0
18895 0
18900 0
18906 0
18911 0
18916 0
18922 0
18927 0
18933 0
18938 0
18943 0
18949 0
18954 0
18959 0
18965 0
18970 0
18976 0
18981 0
18986 0
18992 0
18997 0
19003 0
19008 0
19013 0
19019 0
19024 0
19029 0
19035 0
19040 0
19046 0
19051 0
19056 0
19062 0
19067 0
19073 0
19078 0
19083 0
19089 0
19094 0
19099 0
19105 0
19110 0
19116 0
19121 0
19126 0
19132 0
19137 0
19143 0
19148 0
19153 0
19159 0
19164 0
19169 0
19175 0
19180 0
19186 0
19191 0
19196 0
19202 0
19207 0
19213 0
19218 0
19223 0
19229 0
19234 0
19239 0
19245 0
19250 0
19256 0
19261 0
19266 0
19272 0
19277 0
19282 0
19288 0
19293 0
19299 0
19304 0
19309 0
19315 0
19320 0
19326 0
19331 0
19336 0
19342 0
19347 0
19352 0
19358 0
19363 0
19369 0
19374 0
19379 0
19385 0
19390 0
19396 0
19401 0
19406 0
19412 0
19417 0
19422 0
19428 0
19433 0
19439 0
19444 0
19449 0
19455 0
19460 0
19466 0
19471 0
19476 0
19482 0
19487 0
19492 0
19498 0
19503 0
19509 0
19514 0
19519 0
19525 0
19530 0
19535 0
19541 0
19546 0
19552 0
19557 0
19562 0
19568 0
19573 0
19579 0
19584 0
19589 0
19595 0
19600 0
19605 0
19611 0
19616 0
19622 0
19627 0
19632 0
19638 0
19643 0
19649 0
19654 0
19659 0
19665 0
19670 0
19675 0
19681 0
19686 0
19692 0
19697 0
19702 0
19708 0
19713 0
19719 0
19724 0
19729 0
19735 0
19740 0
19745 0
19751 0
19756 0
19762 0
19767 0
19772 0
19778 0
19783 0
19789 0
19794 0
19799 0
19805 0
19810 0
19815 0
19821 0
19826 0
19832 0
19837 0
19842 0
19848 0
19853 0
19858 0
19864 0
19869 0
19875 0
19880 0
19885 0
19891 0
19896 0
19902 0
19907 0
19912 0
19918 0
19923 0
19928 0
19934 0
19939 0
19945 0
19950 0
19955 0
19961 0
19966 0
19972 0
19977 0
19982 0
19988 0
19993 0
19998 0
20004 0
20009 0
20015 0
20020 0
20025 0
20031 0
20036 0
20042 0
20047 0
20052 0
20058 0
20063 0
20068 0
20074 0
20079 0
20085 0
20090 0
20095 0
20101 0
20106 0
20112 0
20117 0
20122 0
20128 0
20133 0
20138 0
20144 0
20149 0
20155 0
20160 0
20165 0
20171 0
20176 0
20181 0
20187 0
20192 0
20198 0
20203 0
20208 0
20214 0
20219 0
20225 0
20230 0
20235 0
20241 0
20246 0
20251 0
20257 0
20262 0
20268 0
20273 0
20278 0
20284 0
20289 0
20295 0
20300 0
20305 0
20311 0
20316 0
20321 0
20327 0
20332 0
20338 0
20343 0
20348 0
20354 0
20359 0
20365 0
20370 0
20375 0
20381 0
20386 0
20391 0
20397 0
20402 1
20408 1
20413 1
20418 1
20424 1
20429 1
20435 1
20440 1
20445 1
20451 1
20456 1
20461 1
20467 1
20472 1
20478 1
20483 1
20488 1
20494 1
20499 1
20504 1
20510 1
20515 1
20521 1
20526 1
20531 1
20537 1
20542 1
20548 1
20553 1
20558 1
20564 1
20569 1
20574 1
20580 1
20585 1
20591 1
20596 1
20601 1
20607 1
20612 1
20618 1
20623 1
20628 1
20634 1
20639 1
20644 1
20650 1
20655 1
20661 1
20666 1
20671 1
20677 1
20682 1
20688 1
20693 1
20698 1
20704 1
20709 1
20714 1
20720 1
20725 1
20731 1
20736 1
20741 1
20747 1
20752 1
20758 1
20763 1
20768 1
20774 1
20779 1
20784 1
20790 1
20795 1
20801 1
20806 1
20811 1
20817 1
20822 1
20827 1
20833 1
20838 1
20844 1
20849 1
20854 1
20860 1
20865 1
20871 1
20876 1
20881 1
20887 1
20892 1
20897 1
20903 1
20908 1
20914 1
20919 1
20924 1
20930 1
20935 1
20941 1
20946 1
20951 1
20957 1
20962 1
20967 1
20973 1
20978 1
20984 1
20989 1
20994 1
21000 1
21005 1
21011 1
21016 1
21021 1
21027 1
21032 1
21037 1
21043 1
21048 1
21054 1
21059 1
21064 1
21070 1
21075 1
21081 1
21086 1
21091 1
21097 1
21102 1
21107 1
21113 1
21118 1
21124 1
21129 1
21134 1
21140 1
21145 1
21150 1
21156 1
21161 1
21167 1
21172 1
21177 1
21183 1
21188 1
21194 1
21199 1
21204 1
21210 1
21215 1
21220 1
21226 1
21231 1
21237 1
21242 1
21247 1
21253 1
21258 1
21264 1
21269 1
21274 1
21280 1
21285 1
21290 1
21296 1
21301 1
21307 1
21312 1
21317 1
21323 1
21328 1
21334 1
21339 1
21344 1
21350 1
21355 1
21360 1
21366 1
21371 1
21377 1
21382 1
21387 1
21393 1
21398 1
21404 1
21409 1
21414 1
21420 1
21425 1
21430 1
21436 1
21441 1
21447 1
21452 1
21457 1
21463 1
21468 1
21473 1
21479 1
21484 1
21490 1
21495 1
21500 1
21506 1
21511 1
21517 1
21522 1
21527 1
21533 1
21538 1
21543 1
21549 1
21554 1
21560 1
21565 1
21570 1
21576 1
21581 1
21587 1
21592 1
21597 1
21603 1
21608 1
21613 1
21619 1
21624 1
21630 1
21635 1
21640 1
21646 1
21651 1
21657 1
21662 1
21667 1
21673 1
21678 1
21683 1
21689 1
21694 1
21700 1
21705 1
21710 1
21716 1
21721 1
21727 1
21732 1
21737 1
21743 1
21748 1
21753 1
21759 1
21764 1
21770 1
21775 1
21780 1
21786 1
21791 1
21796 1
21802 1
21807 1
21813 1
21818 1
21823 1
21829 1
21834 1
21840 1
21845 1
21850 1
21856 1
21861 1
21866 1
21872 1
21877 1
21883 1
21888 1
21893 1
21899 1
21904 1
21910 1
21915 1
21920 1
21926 1
21931 1
21936 1
21942 1
21947 1
21953 1
21958 1
21963 1
21969 1
21974 1
21980 1
21985 1
21990 1
21996 1
22001 1
22006 1
22012 1
22017 1
22023 1
22028 1
22033 1
22039 1
22044 1
